FF:07DD:BB|1.16|-78.86|7000
FF:07DD:BB|1.29|-78.92|7000
FF:07DD:BB|1.25|-79.30|7000
FF:07DD:BB|1.23|-79.43|7000
FF:07DD:BB|1.31|-79.05|7000
FF:07DD:BB|1.30|-79.18|7000
FF:07DD:BB|1.12|-79.90|7000
FF:07DD:BB|1.37|-79.23|7000
FF:07DD:BB|1.30|-79.17|7000
FF:07DD:BB|1.22|-78.40|7000
FF:07DD:BB|1.18|-78.75|7000
FF:07DD:BB|1.29|-78.14|7000
FF:07DD:BB|1.30|-78.02|7000
FF:07DD:BB|1.19|-78.17|7000
FF:07DD:BB|1.21|-78.39|7000
FF:07DD:BB|1.22|-78.99|7000
FF:07DD:BB|1.18|-78.66|7000
FF:07DD:BB|1.20|-79.13|7000
FF:07DD:BB|1.25|-78.83|7000
FF:07DD:BB|1.22|-78.84|7000
FF:07DD:BB|1.22|-78.84|7000
FF:07DD:BB|1.33|-79.03|7000
FF:07DD:BB|1.24|-79.50|7000
FF:07DD:BB|1.25|-79.10|7000
FF:07DD:BB|1.25|-79.16|7000
FF:07DD:BB|1.16|-78.87|7000
FF:07DD:BB|1.17|-78.84|7000
FF:07DD:BB|1.14|-79.27|7000
FF:07DD:BB|1.13|-79.16|7000
FF:07DD:BB|1.21|-79.62|7000
