FF:07DD:BB|2.29|-78.39|7000
FF:07DD:BB|2.20|-80.24|7000
FF:07DD:BB|2.30|-79.72|7000
FF:07DD:BB|2.27|-79.64|7000
FF:07DD:BB|2.24|-79.28|7000
Timed out!|7000
FF:07DD:BB|2.32|-79.60|7000
FF:07DD:BB|2.22|-79.87|7000
FF:07DD:BB|2.19|-79.94|7000
FF:07DD:BB|2.27|-80.13|7000
FF:07DD:BB|2.25|-80.03|7000
FF:07DD:BB|2.27|-80.18|7000
FF:07DD:BB|2.23|-79.85|7000
FF:07DD:BB|2.23|-80.51|7000
FF:07DD:BB|2.34|-79.67|7000
FF:07DD:BB|2.29|-80.08|7000
FF:07DD:BB|2.17|-80.50|7000
FF:07DD:BB|2.20|-80.72|7000
FF:07DD:BB|2.26|-80.72|7000
FF:07DD:BB|2.17|-80.80|7000
FF:07DD:BB|2.22|-81.19|7000
FF:07DD:BB|2.23|-80.14|7000
FF:07DD:BB|2.30|-80.72|7000
FF:07DD:BB|2.21|-80.20|7000
FF:07DD:BB|2.16|-80.43|7000
FF:07DD:BB|2.29|-80.01|7000
FF:07DD:BB|2.21|-79.77|7000
FF:07DD:BB|2.23|-80.76|7000
FF:07DD:BB|2.29|-79.51|7000
FF:07DD:BB|2.26|-80.64|7000
