FF:07DD:BB|3.16|-79.68|7000
FF:07DD:BB|3.15|-80.35|7000
FF:07DD:BB|3.12|-80.13|7000
FF:07DD:BB|3.27|-80.42|7000
FF:07DD:BB|3.13|-80.65|7000
FF:07DD:BB|3.18|-80.76|7000
FF:07DD:BB|3.27|-80.33|7000
FF:07DD:BB|3.13|-79.89|7000
FF:07DD:BB|3.13|-80.01|7000
FF:07DD:BB|3.07|-80.21|7000
FF:07DD:BB|3.16|-80.13|7000
FF:07DD:BB|3.14|-79.96|7000
FF:07DD:BB|3.19|-80.03|7000
FF:07DD:BB|3.19|-80.16|7000
FF:07DD:BB|3.21|-80.08|7000
FF:07DD:BB|3.17|-79.95|7000
FF:07DD:BB|3.15|-79.88|7000
FF:07DD:BB|3.05|-80.24|7000
FF:07DD:BB|3.21|-79.86|7000
FF:07DD:BB|3.20|-80.29|7000
FF:07DD:BB|3.05|-80.31|7000
FF:07DD:BB|3.17|-79.85|7000
FF:07DD:BB|3.11|-79.62|7000
FF:07DD:BB|3.16|-80.23|7000
FF:07DD:BB|3.24|-79.88|7000
FF:07DD:BB|3.17|-79.77|7000
FF:07DD:BB|3.10|-79.86|7000
FF:07DD:BB|3.18|-79.85|7000
FF:07DD:BB|3.24|-79.81|7000
FF:07DD:BB|3.16|-79.73|7000
