FF:07DD:BB|4.30|-79.49|7000
FF:07DD:BB|4.28|-80.88|7000
FF:07DD:BB|4.22|-80.51|7000
FF:07DD:BB|4.19|-79.88|7000
FF:07DD:BB|4.20|-80.12|7000
FF:07DD:BB|4.26|-80.83|7000
FF:07DD:BB|4.21|-81.14|7000
FF:07DD:BB|4.25|-80.32|7000
FF:07DD:BB|4.23|-80.58|7000
FF:07DD:BB|4.31|-80.49|7000
FF:07DD:BB|4.29|-81.91|7000
FF:07DD:BB|4.21|-81.65|7000
FF:07DD:BB|4.30|-82.18|7000
FF:07DD:BB|4.21|-81.51|7000
FF:07DD:BB|4.27|-80.04|7000
FF:07DD:BB|4.17|-80.89|7000
FF:07DD:BB|4.24|-82.44|7000
FF:07DD:BB|4.30|-81.35|7000
FF:07DD:BB|4.16|-81.94|7000
FF:07DD:BB|4.31|-81.95|7000
FF:07DD:BB|4.27|-81.21|7000
FF:07DD:BB|4.26|-81.53|7000
Timed out!|7000
FF:07DD:BB|4.30|-81.65|7000
FF:07DD:BB|4.20|-79.69|7000
FF:07DD:BB|4.29|-81.33|7000
FF:07DD:BB|4.28|-81.34|7000
FF:07DD:BB|4.30|-81.17|7000
FF:07DD:BB|4.21|-80.04|7000
FF:07DD:BB|4.31|-79.45|7000
