FF:07DD:BB|5.11|-81.00|7000
FF:07DD:BB|5.15|-80.48|7000
FF:07DD:BB|5.15|-80.34|7000
FF:07DD:BB|5.18|-81.34|7000
FF:07DD:BB|5.22|-80.75|7000
FF:07DD:BB|5.17|-81.29|7000
FF:07DD:BB|5.20|-81.78|7000
FF:07DD:BB|5.21|-81.86|7000
FF:07DD:BB|5.20|-81.85|7000
FF:07DD:BB|5.22|-81.78|7000
FF:07DD:BB|5.18|-81.94|7000
FF:07DD:BB|5.19|-82.28|7000
FF:07DD:BB|5.20|-82.60|7000
FF:07DD:BB|5.19|-82.71|7000
FF:07DD:BB|5.18|-82.30|7000
FF:07DD:BB|5.20|-82.87|7000
FF:07DD:BB|5.18|-81.42|7000
FF:07DD:BB|5.16|-81.60|7000
FF:07DD:BB|5.20|-81.90|7000
FF:07DD:BB|5.20|-80.76|7000
FF:07DD:BB|5.21|-81.29|7000
FF:07DD:BB|5.20|-81.04|7000
FF:07DD:BB|5.21|-81.00|7000
FF:07DD:BB|5.21|-81.06|7000
FF:07DD:BB|5.20|-82.00|7000
FF:07DD:BB|5.19|-81.63|7000
FF:07DD:BB|5.24|-81.41|7000
FF:07DD:BB|5.13|-81.21|7000
FF:07DD:BB|5.19|-80.66|7000
FF:07DD:BB|5.20|-81.86|7000
