FF:07DD:BB|40.83|-88.17|7000
FF:07DD:BB|40.80|-88.22|7000
FF:07DD:BB|40.81|-88.84|7000
FF:07DD:BB|40.84|-88.32|7000
FF:07DD:BB|40.80|-87.72|7000
FF:07DD:BB|40.81|-87.70|7000
FF:07DD:BB|40.83|-87.56|7000
Timed out!|7000
FF:07DD:BB|40.80|-88.25|7000
FF:07DD:BB|40.83|-88.05|7000
FF:07DD:BB|40.84|-88.06|7000
FF:07DD:BB|40.77|-88.90|7000
FF:07DD:BB|40.79|-88.64|7000
FF:07DD:BB|40.79|-88.81|7000
FF:07DD:BB|40.82|-88.60|7000
FF:07DD:BB|40.78|-88.64|7000
FF:07DD:BB|40.80|-88.84|7000
FF:07DD:BB|40.81|-88.51|7000
FF:07DD:BB|40.82|-88.05|7000
FF:07DD:BB|40.80|-88.35|7000
FF:07DD:BB|40.81|-88.29|7000
FF:07DD:BB|40.85|-88.13|7000
FF:07DD:BB|40.81|-88.13|7000
FF:07DD:BB|40.80|-87.19|7000
FF:07DD:BB|40.81|-87.82|7000
FF:07DD:BB|40.79|-88.01|7000
FF:07DD:BB|40.79|-88.60|7000
FF:07DD:BB|40.81|-88.40|7000
FF:07DD:BB|40.79|-87.95|7000
FF:07DD:BB|40.78|-87.92|7000
