FF:07DD:BB|55.79|-87.15|7000
FF:07DD:BB|55.78|-87.21|7000
FF:07DD:BB|55.76|-87.86|7000
FF:07DD:BB|55.79|-87.31|7000
FF:07DD:BB|55.81|-87.57|7000
FF:07DD:BB|55.78|-87.18|7000
FF:07DD:BB|55.80|-87.43|7000
FF:07DD:BB|55.79|-87.10|7000
FF:07DD:BB|55.78|-87.41|7000
FF:07DD:BB|55.79|-87.43|7000
FF:07DD:BB|55.79|-87.45|7000
Timed out!|7000
FF:07DD:BB|55.79|-87.71|7000
FF:07DD:BB|55.77|-86.81|7000
FF:07DD:BB|55.79|-87.25|7000
FF:07DD:BB|55.79|-87.10|7000
FF:07DD:BB|55.78|-87.34|7000
FF:07DD:BB|55.81|-86.92|7000
FF:07DD:BB|55.81|-87.84|7000
FF:07DD:BB|55.77|-87.24|7000
FF:07DD:BB|55.78|-87.46|7000
FF:07DD:BB|55.79|-87.27|7000
FF:07DD:BB|55.79|-87.04|7000
FF:07DD:BB|55.78|-87.61|7000
FF:07DD:BB|55.79|-87.47|7000
FF:07DD:BB|55.77|-87.56|7000
FF:07DD:BB|55.76|-87.67|7000
FF:07DD:BB|55.79|-88.02|7000
FF:07DD:BB|55.78|-88.05|7000
FF:07DD:BB|55.79|-87.77|7000
