FF:07DD:BB|60.54|-87.72|7000
FF:07DD:BB|60.53|-88.36|7000
Timed out!|7000
FF:07DD:BB|60.57|-88.17|7000
FF:07DD:BB|60.53|-88.53|7000
Timed out!|7000
FF:07DD:BB|60.52|-88.30|7000
FF:07DD:BB|60.56|-88.06|7000
FF:07DD:BB|60.55|-88.48|7000
FF:07DD:BB|60.51|-88.49|7000
FF:07DD:BB|60.52|-88.26|7000
FF:07DD:BB|60.53|-88.31|7000
FF:07DD:BB|60.57|-88.72|7000
FF:07DD:BB|60.57|-88.61|7000
FF:07DD:BB|60.54|-88.59|7000
FF:07DD:BB|60.50|-88.11|7000
FF:07DD:BB|60.54|-88.01|7000
FF:07DD:BB|60.54|-87.76|7000
FF:07DD:BB|60.56|-87.59|7000
FF:07DD:BB|60.53|-88.04|7000
FF:07DD:BB|60.58|-88.34|7000
FF:07DD:BB|60.54|-88.34|7000
FF:07DD:BB|60.56|-88.10|7000
FF:07DD:BB|60.53|-88.07|7000
FF:07DD:BB|60.56|-86.99|7000
FF:07DD:BB|60.53|-87.68|7000
FF:07DD:BB|60.55|-88.21|7000
FF:07DD:BB|60.54|-88.26|7000
FF:07DD:BB|60.54|-88.49|7000
FF:07DD:BB|60.54|-88.22|7000
