FF:07DD:BB|7.63|-81.49|7000
FF:07DD:BB|7.64|-81.38|7000
FF:07DD:BB|7.65|-82.40|7000
FF:07DD:BB|7.59|-82.72|7000
FF:07DD:BB|7.60|-81.55|7000
FF:07DD:BB|7.62|-81.04|7000
FF:07DD:BB|7.61|-81.06|7000
FF:07DD:BB|7.57|-80.91|7000
FF:07DD:BB|7.60|-81.18|7000
FF:07DD:BB|7.63|-81.12|7000
FF:07DD:BB|7.56|-81.54|7000
FF:07DD:BB|7.58|-81.47|7000
FF:07DD:BB|7.58|-81.42|7000
FF:07DD:BB|7.59|-81.38|7000
FF:07DD:BB|7.63|-81.69|7000
FF:07DD:BB|7.60|-81.49|7000
FF:07DD:BB|7.57|-81.83|7000
FF:07DD:BB|7.62|-81.57|7000
FF:07DD:BB|7.57|-82.02|7000
FF:07DD:BB|7.57|-81.57|7000
FF:07DD:BB|7.58|-80.98|7000
FF:07DD:BB|7.58|-82.00|7000
FF:07DD:BB|7.59|-81.55|7000
FF:07DD:BB|7.59|-82.92|7000
FF:07DD:BB|7.54|-81.15|7000
FF:07DD:BB|7.58|-82.87|7000
FF:07DD:BB|7.61|-82.15|7000
FF:07DD:BB|7.60|-81.56|7000
FF:07DD:BB|7.63|-81.72|7000
FF:07DD:BB|7.58|-81.46|7000
