FF:07DD:BB|75.40|-89.62|7000
FF:07DD:BB|75.41|-89.45|7000
FF:07DD:BB|75.41|-88.79|7000
FF:07DD:BB|75.41|-89.04|7000
FF:07DD:BB|75.38|-88.70|7000
FF:07DD:BB|75.42|-89.33|7000
FF:07DD:BB|75.38|-89.46|7000
FF:07DD:BB|75.40|-89.87|7000
FF:07DD:BB|75.37|-89.95|7000
FF:07DD:BB|75.42|-89.96|7000
FF:07DD:BB|75.37|-89.42|7000
FF:07DD:BB|75.42|-89.25|7000
FF:07DD:BB|75.39|-89.41|7000
FF:07DD:BB|75.40|-89.73|7000
FF:07DD:BB|75.37|-89.63|7000
FF:07DD:BB|75.37|-89.84|7000
FF:07DD:BB|75.42|-89.35|7000
FF:07DD:BB|75.41|-89.54|7000
FF:07DD:BB|75.37|-89.26|7000
FF:07DD:BB|75.39|-89.54|7000
FF:07DD:BB|75.41|-89.29|7000
FF:07DD:BB|75.38|-89.60|7000
FF:07DD:BB|75.35|-89.21|7000
FF:07DD:BB|75.37|-89.33|7000
FF:07DD:BB|75.40|-89.52|7000
FF:07DD:BB|75.37|-89.71|7000
Timed out!|7000
FF:07DD:BB|75.37|-89.08|7000
FF:07DD:BB|75.40|-88.64|7000
FF:07DD:BB|75.42|-89.54|7000
