FF:07DD:BB|80.29|-88.34|7000
FF:07DD:BB|80.28|-88.39|7000
FF:07DD:BB|80.30|-88.69|7000
FF:07DD:BB|80.33|-88.09|7000
FF:07DD:BB|80.32|-88.16|7000
FF:07DD:BB|80.31|-88.50|7000
FF:07DD:BB|80.29|-88.41|7000
FF:07DD:BB|80.30|-88.26|7000
FF:07DD:BB|80.29|-88.17|7000
Timed out!|7000
FF:07DD:BB|80.30|-88.23|7000
FF:07DD:BB|80.29|-88.22|7000
FF:07DD:BB|80.34|-87.64|7000
FF:07DD:BB|80.30|-87.50|7000
FF:07DD:BB|80.28|-88.28|7000
FF:07DD:BB|80.31|-88.01|7000
FF:07DD:BB|80.29|-87.55|7000
FF:07DD:BB|80.28|-87.37|7000
FF:07DD:BB|80.31|-87.39|7000
FF:07DD:BB|80.29|-88.22|7000
FF:07DD:BB|80.30|-87.65|7000
FF:07DD:BB|80.30|-87.60|7000
FF:07DD:BB|80.31|-88.04|7000
FF:07DD:BB|80.29|-87.89|7000
FF:07DD:BB|80.30|-87.43|7000
FF:07DD:BB|80.29|-88.33|7000
FF:07DD:BB|80.32|-88.12|7000
FF:07DD:BB|80.31|-86.74|7000
FF:07DD:BB|80.32|-88.00|7000
FF:07DD:BB|80.30|-87.93|7000
