FF:07DD:BB|85.56|-89.55|7000
FF:07DD:BB|85.49|-89.28|7000
FF:07DD:BB|85.58|-89.14|7000
FF:07DD:BB|85.52|-89.14|7000
FF:07DD:BB|85.56|-88.98|7000
FF:07DD:BB|85.54|-88.88|7000
FF:07DD:BB|85.55|-88.90|7000
FF:07DD:BB|85.58|-89.10|7000
FF:07DD:BB|85.54|-89.29|7000
FF:07DD:BB|85.60|-89.16|7000
FF:07DD:BB|85.54|-89.44|7000
FF:07DD:BB|85.57|-89.32|7000
FF:07DD:BB|85.57|-89.54|7000
FF:07DD:BB|85.54|-89.53|7000
FF:07DD:BB|85.62|-89.70|7000
FF:07DD:BB|85.56|-89.37|7000
FF:07DD:BB|85.55|-89.40|7000
Timed out!|7000
FF:07DD:BB|85.54|-89.35|7000
FF:07DD:BB|85.54|-89.10|7000
FF:07DD:BB|85.56|-88.95|7000
FF:07DD:BB|85.50|-89.03|7000
FF:07DD:BB|85.53|-88.75|7000
FF:07DD:BB|85.47|-88.95|7000
FF:07DD:BB|85.49|-89.08|7000
FF:07DD:BB|85.49|-88.84|7000
FF:07DD:BB|85.48|-88.78|7000
FF:07DD:BB|85.48|-88.63|7000
FF:07DD:BB|85.43|-88.65|7000
FF:07DD:BB|85.46|-88.53|7000
