FF:07DD:BB|95.98|-93.09|7000
FF:07DD:BB|96.05|-92.52|7000
FF:07DD:BB|96.02|-92.19|7000
FF:07DD:BB|96.01|-93.08|7000
FF:07DD:BB|95.99|-92.73|7000
FF:07DD:BB|96.01|-92.74|7000
FF:07DD:BB|95.96|-92.51|7000
FF:07DD:BB|96.01|-92.17|7000
FF:07DD:BB|96.03|-91.30|7000
FF:07DD:BB|95.96|-91.49|7000
FF:07DD:BB|95.99|-92.01|7000
FF:07DD:BB|95.99|-92.49|7000
FF:07DD:BB|95.98|-92.24|7000
FF:07DD:BB|95.99|-92.07|7000
FF:07DD:BB|96.02|-92.12|7000
FF:07DD:BB|95.97|-91.49|7000
FF:07DD:BB|96.02|-91.31|7000
FF:07DD:BB|95.99|-91.89|7000
FF:07DD:BB|95.98|-91.11|7000
FF:07DD:BB|95.98|-91.49|7000
FF:07DD:BB|96.00|-91.78|7000
FF:07DD:BB|96.02|-91.66|7000
FF:07DD:BB|95.98|-91.41|7000
FF:07DD:BB|95.99|-92.28|7000
Timed out!|7000
FF:07DD:BB|95.98|-92.10|7000
FF:07DD:BB|95.97|-91.51|7000
FF:07DD:BB|96.02|-91.67|7000
FF:07DD:BB|95.97|-91.62|7000
FF:07DD:BB|95.98|-91.25|7000
